Target | Marie | Celibataire | Divorse | Age<=25 | Age>25 | Salary<=10000 | Salary>10000 | Depense<=7000 | Depense>7000 | NbrEnfant<=2 | NbrEnfant>2
1 0 1 0 1 0 0 1 0 1 1 0
1 1 0 0 0 1 0 1 0 1 1 0
1 1 0 0 0 1 0 1 0 1 0 1
1 1 0 0 0 1 0 1 0 1 1 0
0 1 0 0 1 0 1 0 0 1 1 0
0 1 0 0 1 0 1 0 0 1 1 0
0 1 0 0 1 0 1 0 0 1 0 1
0 0 0 1 1 0 1 0 0 1 0 1
0 0 1 0 1 0 1 0 0 1 0 1
0 0 0 1 1 0 1 0 0 1 0 1
1 1 0 0 1 0 1 0 0 1 1 0
0 0 1 0 1 0 1 0 0 1 0 1
1 1 0 0 0 1 0 1 0 1 1 0
1 1 0 0 0 1 0 1 0 1 1 0
0 0 0 1 1 0 1 0 0 1 0 1
0 0 0 1 1 0 1 0 0 1 0 1
0 0 1 0 1 0 1 0 0 1 0 1
0 0 0 1 1 0 1 0 0 1 0 1
1 1 0 0 1 0 1 0 0 1 1 0
0 0 1 0 1 0 1 0 0 1 0 1
1 1 0 0 0 1 0 1 0 1 1 0
1 1 0 0 0 1 0 1 0 1 1 0
0 0 0 1 1 0 1 0 0 1 0 1
1 1 0 0 0 1 0 1 0 1 1 0
1 1 0 0 0 1 0 1 0 1 1 0